0,0
3.1554e-30,2.0537e-60
5.6259e-05,2.9082e-06
0.00029249,0.00038635
0.00074127,0.0056782
0.001391,0.032683
0.0022272,0.11403
0.0032965,0.30691
0.0045539,0.66654
0.0060789,1.2894
0.007971,2.3208
0.010284,3.8988
0.012535,5.6495
0.014825,7.4805
0.017143,9.1948
0.01948,10.612
0.021971,11.651
0.02479,12.171
0.027851,11.969
0.031245,10.951
0.03404,9.6666
0.036836,8.1981
0.03952,6.8294
0.04214,5.716
0.04489,4.9231
0.047941,4.5754
0.051602,4.8813
0.055621,5.9246
0.058436,6.8943
0.061252,7.8767
0.064229,8.7597
0.067269,9.3595
0.070531,9.5833
0.074329,9.3094
0.078625,8.4916
0.081457,7.8208
0.084288,7.1772
0.087588,6.591
0.091082,6.2689
0.09469,6.2963
0.098455,6.6582
0.10217,7.2145
0.10552,7.7435
0.10864,8.1524
0.11192,8.4182
0.11561,8.4738
0.11965,8.2635
0.12354,7.8873
0.12688,7.5277
0.12994,7.2419
0.13326,7.0367
0.1371,6.973
0.1412,7.1008
0.14497,7.3393
0.14821,7.5756
0.15133,7.7801
0.15484,7.9376
0.15883,7.9911
0.16285,7.9126
0.1664,7.7656
0.16956,7.6101
0.17283,7.4613
0.17658,7.3428
0.18064,7.3034
0.18446,7.3506
0.18779,7.4402
0.19097,7.5447
0.19448,7.6544
0.19845,7.7408
0.20245,7.7677
0.20599,7.7406
0.20918,7.6854
0.21249,7.6127
0.21628,7.5318
0.22037,7.4716
0.22415,7.4536
0.22744,7.4682
0.23061,7.5031
0.23417,7.5552
0.23822,7.6136
0.24224,7.6534
0.24572,7.6656
0.24884,7.6582
0.25213,7.6355
0.25595,7.5981
0.26008,7.558
0.26383,7.5323
0.26703,7.5231
0.27012,7.526
0.27367,7.5412
0.27775,7.5679
0.28177,7.5945
0.28518,7.6112
0.28819,7.6186
0.29144,7.6182
0.29531,7.6079
0.29949,7.5898
0.30321,7.573
0.3063,7.5619
0.30933,7.5556
0.31288,7.5546
0.31702,7.5615
0.32105,7.5733
0.32439,7.5835
0.32732,7.5911
0.33054,7.5965
0.33445,7.5979
0.33868,7.5935
0.34237,7.5864
0.34538,7.58
0.34834,7.5743
0.35188,7.5698
0.35607,7.5684
0.36012,7.571
0.36341,7.575
0.36628,7.5791
0.36947,7.5834
0.3734,7.5872
0.37768,7.5885
0.38136,7.5872
0.38433,7.5849
0.38726,7.5821
0.39081,7.5788
0.39506,7.576
0.39832,7.575
0.40158,7.5753
0.4053,7.5769
0.4093,7.5795
0.41301,7.5818
0.41622,7.5833
0.41932,7.584
0.42281,7.584
0.42678,7.583
0.43072,7.5814
0.43413,7.5799
0.43718,7.5787
0.44042,7.578
0.44421,7.5779
0.4483,7.5786
0.45199,7.5796
0.45513,7.5805
0.45817,7.5812
0.46169,7.5818
0.46576,7.582
0.46974,7.5817
0.47309,7.581
0.47607,7.5804
0.47929,7.5798
0.48315,7.5793
0.48732,7.5793
0.491,7.5795
0.49406,7.5798
0.49706,7.5802
0.5006,7.5807
0.50475,7.5811
0.50877,7.5813
0.51207,7.5811
0.51498,7.5809
0.5182,7.5806
0.52212,7.5803
0.52635,7.5801
0.53001,7.58
0.53301,7.58
0.53597,7.58
0.53954,7.5802
0.54376,7.5805
0.5478,7.5808
0.55106,7.5808
0.55392,7.5807
0.55713,7.5806
0.5611,7.5805
0.56537,7.5804
0.56903,7.5803
0.57198,7.5801
0.57492,7.5801
0.5785,7.5801
0.58277,7.5803
0.586,7.5803
0.58924,7.5804
0.59297,7.5805
0.597,7.5805
0.60073,7.5805
0.60392,7.5805
0.60699,7.5804
0.61047,7.5803
0.61447,7.5803
0.61844,7.5803
0.62185,7.5803
0.62488,7.5803
0.62809,7.5804
0.63189,7.5804
0.63601,7.5805
0.63973,7.5806
0.64285,7.5805
0.64586,7.5804
0.64936,7.5804
0.65345,7.5804
0.65747,7.5804
0.66083,7.5804
0.66378,7.5803
0.66698,7.5803
0.67083,7.5804
0.67503,7.5804
0.67874,7.5805
0.68179,7.5804
0.68476,7.5804
0.68828,7.5804
0.69245,7.5804
0.6965,7.5804
0.69981,7.5804
0.70271,7.5803
0.70589,7.5803
0.7098,7.5803
0.71406,7.5804
0.71776,7.5805
0.72075,7.5804
0.72369,7.5804
0.72723,7.5804
0.73145,7.5804
0.73553,7.5805
0.73881,7.5804
0.74166,7.5804
0.74484,7.5804
0.74878,7.5804
0.75308,7.5805
0.75677,7.5805
0.75974,7.5804
0.76264,7.5804
0.7662,7.5804
0.77046,7.5804
0.77372,7.5804
0.77698,7.5804
0.78071,7.5804
0.78471,7.5804
0.78841,7.5804
0.79162,7.5804
0.79472,7.5804
0.79821,7.5804
0.80219,7.5804
0.80613,7.5804
0.80954,7.5804
0.81258,7.5804
0.81583,7.5804
0.81962,7.5804
0.82371,7.5804
0.8274,7.5804
0.83053,7.5804
0.83358,7.5804
0.8371,7.5804
0.84117,7.5804
0.84515,7.5804
0.8485,7.5804
0.85147,7.5804
0.8547,7.5804
0.85856,7.5804
0.86273,7.5804
0.86641,7.5805
0.86946,7.5804
0.87246,7.5804
0.87601,7.5804
0.88017,7.5804
0.88418,7.5805
0.88748,7.5804
0.89039,7.5804
0.89361,7.5804
0.89753,7.5804
0.90176,7.5804
0.90542,7.5805
0.90842,7.5804
0.91138,7.5804
0.91495,7.5804
0.91917,7.5804
0.92321,7.5805
0.92647,7.5804
0.92933,7.5804
0.93254,7.5804
0.93651,7.5804
0.94079,7.5804
0.94444,7.5805
0.94739,7.5804
0.95033,7.5804
0.95391,7.5804
0.95818,7.5804
0.96141,7.5804
0.96464,7.5804
0.96837,7.5804
0.97242,7.5804
0.97614,7.5804
0.97933,7.5804
0.9824,7.5804
0.98588,7.5804
0.98988,7.5804
0.99386,7.5804
0.99727,7.5804
1,7.5804
1,7.5804
1,7.5804
1.003,7.5804
1.006,7.5804
1.0106,7.5804
1.0142,7.5804
1.0178,7.5804
1.02,7.5803
1.02,7.5803
1.02,7.5803
1.0238,7.5803
1.0274,7.5803
1.03,7.5803
1.03,7.5803
1.0334,7.5803
1.0368,7.5803
1.0414,7.5803
1.0447,7.5803
1.048,7.5803
1.0518,7.5803
1.0558,7.5803
1.0595,7.5803
1.0626,7.5803
1.0657,7.5803
1.0692,7.5803
1.0733,7.5803
1.0772,7.5803
1.0806,7.5803
1.0836,7.5803
1.0868,7.5803
1.0907,7.5803
1.0948,7.5803
1.0985,7.5803
1.1015,7.5803
1.1046,7.5803
1.1081,7.5803
1.1123,7.5803
1.1163,7.5802
1.1196,7.5803
1.1225,7.5803
1.1257,7.5803
1.1297,7.5803
1.1339,7.5803
1.1375,7.5802
1.1405,7.5803
1.1435,7.5803
1.1471,7.5803
1.1513,7.5803
1.1553,7.5802
1.1585,7.5803
1.1614,7.5803
1.1646,7.5803
1.1686,7.5803
1.1729,7.5803
1.1765,7.5802
1.1795,7.5803
1.1824,7.5803
1.186,7.5803
1.1903,7.5803
1.1935,7.5803
1.1967,7.5803
1.2005,7.5803
1.2045,7.5803
1.2083,7.5803
1.2115,7.5803
1.2145,7.5803
1.218,7.5803
1.222,7.5803
1.226,7.5803
1.2294,7.5803
1.2324,7.5803
1.2356,7.5803
1.2394,7.5803
1.2435,7.5803
1.2473,7.5802
1.2504,7.5803
1.2534,7.5803
1.2569,7.5803
1.261,7.5803
1.265,7.5802
1.2684,7.5803
1.2713,7.5803
1.2745,7.5803
1.2783,7.5803
1.2826,7.5803
1.2863,7.5802
1.2893,7.5803
1.2923,7.5803
1.2958,7.5803
1.3,7.5803
1.304,7.5802
1.3074,7.5803
1.3102,7.5803
1.3134,7.5803
1.3173,7.5803
1.3216,7.5803
1.3253,7.5802
1.3283,7.5803
1.3312,7.5803
1.3347,7.5803
1.339,7.5803
1.3431,7.5802
1.3464,7.5803
1.3492,7.5803
1.3524,7.5803
1.3563,7.5803
1.3606,7.5803
1.3636,7.5803
1.3665,7.5803
1.3703,7.5803
1.3747,7.5803
1.3777,7.5803
1.3808,7.5803
1.3846,7.5803
1.3888,7.5803
1.3927,7.5802
1.3958,7.5803
1.3987,7.5803
1.4021,7.5803
1.4062,7.5803
1.4104,7.5802
1.4138,7.5803
1.4167,7.5803
1.4198,7.5803
1.4236,7.5803
1.4279,7.5803
1.4309,7.5803
1.434,7.5803
1.4377,7.5803
1.442,7.5803
1.4459,7.5802
1.449,7.5803
1.4519,7.5803
1.4552,7.5803
1.4594,7.5803
1.4635,7.5802
1.467,7.5803
1.4699,7.5803
1.4729,7.5803
1.4767,7.5803
1.481,7.5803
1.4841,7.5803
1.4872,7.5803
1.4909,7.5803
1.4952,7.5803
1.499,7.5802
1.5021,7.5803
1.505,7.5803
1.5084,7.5803
1.5125,7.5803
1.5167,7.5802
1.5202,7.5803
1.5231,7.5803
1.5261,7.5803
1.5299,7.5803
1.5342,7.5803
1.5373,7.5803
1.5403,7.5803
1.5441,7.5803
1.5483,7.5803
1.5522,7.5802
1.5553,7.5803
1.5582,7.5803
1.5616,7.5803
1.5657,7.5803
1.5699,7.5802
1.5733,7.5803
1.5762,7.5803
1.5793,7.5803
1.5831,7.5803
1.5873,7.5803
1.5904,7.5803
1.5935,7.5803
1.5973,7.5803
1.6015,7.5803
1.6053,7.5802
1.6085,7.5803
1.6114,7.5803
1.6148,7.5803
1.6189,7.5803
1.623,7.5802
1.6265,7.5803
1.6294,7.5803
1.6324,7.5803
1.6362,7.5803
1.6405,7.5803
1.6436,7.5803
1.6467,7.5803
1.6504,7.5803
1.6547,7.5803
1.6585,7.5802
1.6616,7.5803
1.6645,7.5803
1.6679,7.5803
1.672,7.5803
1.6762,7.5802
1.6796,7.5803
1.6825,7.5803
1.6856,7.5803
1.6894,7.5803
1.6937,7.5803
1.6968,7.5803
1.6998,7.5803
1.7036,7.5803
1.7078,7.5803
1.7117,7.5802
1.7148,7.5803
1.7177,7.5803
1.7211,7.5803
1.7252,7.5803
1.7294,7.5802
1.7328,7.5803
1.7357,7.5803
1.7388,7.5803
1.7425,7.5803
1.7468,7.5803
1.7499,7.5803
1.753,7.5803
1.7567,7.5803
1.761,7.5803
1.7648,7.5802
1.768,7.5803
1.7709,7.5803
1.7742,7.5803
1.7784,7.5803
1.7825,7.5802
1.786,7.5803
1.7889,7.5803
1.7919,7.5803
1.7957,7.5803
1.8,7.5803
1.8031,7.5803
1.8062,7.5803
1.8099,7.5803
1.8141,7.5803
1.818,7.5802
1.8211,7.5803
1.824,7.5803
1.8274,7.5803
1.8315,7.5803
1.8357,7.5802
1.8391,7.5803
1.842,7.5803
1.8451,7.5803
1.8489,7.5803
1.8532,7.5803
1.8563,7.5803
1.8593,7.5803
1.8631,7.5803
1.8673,7.5803
1.8712,7.5802
1.8743,7.5803
1.8772,7.5803
1.8806,7.5803
1.8847,7.5803
1.8889,7.5802
1.8923,7.5803
1.8952,7.5803
1.8983,7.5803
1.902,7.5803
1.9063,7.5803
1.9094,7.5803
1.9125,7.5803
1.9162,7.5803
1.9205,7.5803
1.9243,7.5802
1.9275,7.5803
1.9304,7.5803
1.9337,7.5803
1.9378,7.5803
1.942,7.5802
1.9455,7.5803
1.9484,7.5803
1.9514,7.5803
1.9552,7.5803
1.9595,7.5803
1.9626,7.5803
1.9657,7.5803
1.9694,7.5803
1.9736,7.5803
1.9775,7.5802
1.9806,7.5803
1.9835,7.5803
1.9869,7.5803
1.991,7.5803
1.9952,7.5802
1.9986,7.5803
2,7.5803
2,7.5803
